{
    "bf_bin": 15,
    "bf_eff_pixel_mrad": 6.167202408564567,
    "convergence_mrad": 100.0,
    "detector_max_angle_mrad": 200.0,
    "energy_ev": 300000.0,
    "n_tiles_tiled": 5,
    "num_slices_sim": 74,
    "overfocus_a": 50.0,
    "overlap_linear": 0.9499855795868006,
    "phonon_dwf_scale": 0.65,
    "phonon_num_configs": 8,
    "phonon_sigmas_a": {
        "O": 0.05525000000000001,
        "Pb": 0.0598,
        "Sr": 0.05525000000000001,
        "Ti": 0.0468
    },
    "probe_disk_diameter_a": 10.0,
    "real_space_thickness_a": 73.93466591419461,
    "scan_step_a": 0.5001442041319933,
    "scan_window_a": 20.0,
    "sim_slice_thickness_a": 1.0,
    "tile_i": 1,
    "tile_j": 0,
    "tx_end_a": 21.0,
    "tx_start_a": 17.0,
    "ty_end_a": 29.0,
    "ty_start_a": 25.0,
    "wavelength_a": 0.019687489006848795
}